137 #SUP: 759687
16 137 #SUP: 745003
26 #SUP: 779870
16 26 #SUP: 753209
16 14 138 #SUP: 743455
16 134 138 #SUP: 780912
16 138 #SUP: 798042
43 94 #SUP: 772824
16 43 94 #SUP: 751483
16 134 94 #SUP: 834217
16 94 #SUP: 863546
94 #SUP: 888309
16 43 14 40 #SUP: 783421
16 134 43 14 40 #SUP: 768709
16 134 14 40 #SUP: 839142
16 14 40 #SUP: 857302
16 43 40 #SUP: 892894
16 134 43 40 #SUP: 875719
16 134 40 #SUP: 963323
16 40 #SUP: 985420
16 43 14 #SUP: 1075859
16 134 43 14 #SUP: 1049023
16 134 14 #SUP: 1169411
16 14 #SUP: 1203841
43 #SUP: 1293417
16 43 #SUP: 1267347
16 134 43 #SUP: 1234826
16 134 #SUP: 1400247
16 #SUP: 1444294
