16 19 #SUP: 667604
16 134 19 #SUP: 647846
16 14 25 #SUP: 603338
43 25 #SUP: 591511
16 134 25 #SUP: 673290
16 25 #SUP: 691085
25 #SUP: 694689
43 136 #SUP: 626612
16 43 136 #SUP: 613669
16 134 43 136 #SUP: 597000
16 134 136 #SUP: 676919
16 136 #SUP: 699291
136 #SUP: 714872
16 14 137 #SUP: 615144
16 134 14 137 #SUP: 598293
43 137 #SUP: 666805
16 43 137 #SUP: 653678
16 134 43 137 #SUP: 637826
16 134 137 #SUP: 723328
16 137 #SUP: 745003
137 #SUP: 759687
16 14 26 #SUP: 600503
43 26 #SUP: 701906
16 43 26 #SUP: 678917
16 134 43 26 #SUP: 658096
16 134 26 #SUP: 726957
16 26 #SUP: 753209
26 #SUP: 779870
16 14 40 138 #SUP: 619554
16 134 14 40 138 #SUP: 608652
16 43 40 138 #SUP: 611052
16 134 43 40 138 #SUP: 601227
16 134 40 138 #SUP: 650787
16 40 138 #SUP: 662586
16 43 14 138 #SUP: 684718
16 134 43 14 138 #SUP: 671423
16 134 14 138 #SUP: 727729
16 14 138 #SUP: 743455
16 43 138 #SUP: 732594
16 134 43 138 #SUP: 718336
16 134 138 #SUP: 780912
16 138 #SUP: 798042
16 43 14 94 #SUP: 631186
16 134 43 14 94 #SUP: 613515
16 134 14 94 #SUP: 687995
16 14 94 #SUP: 710636
43 94 #SUP: 772824
16 43 94 #SUP: 751483
16 134 43 94 #SUP: 729763
16 134 94 #SUP: 834217
16 94 #SUP: 863546
94 #SUP: 888309
16 43 14 40 #SUP: 783421
16 134 43 14 40 #SUP: 768709
16 134 14 40 #SUP: 839142
16 14 40 #SUP: 857302
16 43 40 #SUP: 892894
16 134 43 40 #SUP: 875719
16 134 40 #SUP: 963323
16 40 #SUP: 985420
16 43 14 #SUP: 1075859
16 134 43 14 #SUP: 1049023
16 134 14 #SUP: 1169411
16 14 #SUP: 1203841
43 #SUP: 1293417
16 43 #SUP: 1267347
16 134 43 #SUP: 1234826
16 134 #SUP: 1400247
16 #SUP: 1444294
