137 #SUP: 759687
16 137 #SUP: 745003
26 #SUP: 779870
16 26 #SUP: 753209
138 #SUP: 798042
14 138 #SUP: 743455
14 16 138 #SUP: 743455
134 138 #SUP: 780912
16 134 138 #SUP: 780912
16 138 #SUP: 798042
94 #SUP: 888309
43 94 #SUP: 772824
16 43 94 #SUP: 751483
94 134 #SUP: 834217
16 94 134 #SUP: 834217
16 94 #SUP: 863546
40 #SUP: 985420
14 40 #SUP: 857302
14 40 43 #SUP: 783421
14 16 40 43 #SUP: 783421
14 40 43 134 #SUP: 768709
14 16 40 43 134 #SUP: 768709
14 40 134 #SUP: 839142
14 16 40 134 #SUP: 839142
14 16 40 #SUP: 857302
40 43 #SUP: 892894
16 40 43 #SUP: 892894
40 43 134 #SUP: 875719
16 40 43 134 #SUP: 875719
40 134 #SUP: 963323
16 40 134 #SUP: 963323
16 40 #SUP: 985420
14 #SUP: 1203841
14 43 #SUP: 1075859
14 16 43 #SUP: 1075859
14 43 134 #SUP: 1049023
14 16 43 134 #SUP: 1049023
14 134 #SUP: 1169411
14 16 134 #SUP: 1169411
14 16 #SUP: 1203841
43 #SUP: 1293417
16 43 #SUP: 1267347
43 134 #SUP: 1234826
16 43 134 #SUP: 1234826
134 #SUP: 1400247
16 134 #SUP: 1400247
16 #SUP: 1444294
