19 #SUP: 667604
16 19 #SUP: 667604
19 134 #SUP: 647846
16 19 134 #SUP: 647846
25 #SUP: 694689
25 43 #SUP: 591511
14 25 #SUP: 603338
14 16 25 #SUP: 603338
25 134 #SUP: 673290
16 25 134 #SUP: 673290
16 25 #SUP: 691085
136 #SUP: 714872
43 136 #SUP: 626612
16 43 136 #SUP: 613669
43 134 136 #SUP: 597000
16 43 134 136 #SUP: 597000
134 136 #SUP: 676919
16 134 136 #SUP: 676919
16 136 #SUP: 699291
137 #SUP: 759687
14 137 #SUP: 615144
14 16 137 #SUP: 615144
14 134 137 #SUP: 598293
14 16 134 137 #SUP: 598293
43 137 #SUP: 666805
16 43 137 #SUP: 653678
43 134 137 #SUP: 637826
16 43 134 137 #SUP: 637826
134 137 #SUP: 723328
16 134 137 #SUP: 723328
16 137 #SUP: 745003
26 #SUP: 779870
14 26 #SUP: 600503
14 16 26 #SUP: 600503
26 43 #SUP: 701906
16 26 43 #SUP: 678917
26 43 134 #SUP: 658096
16 26 43 134 #SUP: 658096
26 134 #SUP: 726957
16 26 134 #SUP: 726957
16 26 #SUP: 753209
138 #SUP: 798042
40 138 #SUP: 662586
40 43 138 #SUP: 611052
16 40 43 138 #SUP: 611052
40 43 134 138 #SUP: 601227
16 40 43 134 138 #SUP: 601227
14 40 138 #SUP: 619554
14 16 40 138 #SUP: 619554
14 40 134 138 #SUP: 608652
14 16 40 134 138 #SUP: 608652
40 134 138 #SUP: 650787
16 40 134 138 #SUP: 650787
16 40 138 #SUP: 662586
43 138 #SUP: 732594
16 43 138 #SUP: 732594
43 134 138 #SUP: 718336
16 43 134 138 #SUP: 718336
14 138 #SUP: 743455
14 43 138 #SUP: 684718
14 16 43 138 #SUP: 684718
14 43 134 138 #SUP: 671423
14 16 43 134 138 #SUP: 671423
14 134 138 #SUP: 727729
14 16 134 138 #SUP: 727729
14 16 138 #SUP: 743455
134 138 #SUP: 780912
16 134 138 #SUP: 780912
16 138 #SUP: 798042
94 #SUP: 888309
14 94 #SUP: 710636
14 43 94 #SUP: 631186
14 16 43 94 #SUP: 631186
14 43 94 134 #SUP: 613515
14 16 43 94 134 #SUP: 613515
14 94 134 #SUP: 687995
14 16 94 134 #SUP: 687995
14 16 94 #SUP: 710636
43 94 #SUP: 772824
16 43 94 #SUP: 751483
43 94 134 #SUP: 729763
16 43 94 134 #SUP: 729763
94 134 #SUP: 834217
16 94 134 #SUP: 834217
16 94 #SUP: 863546
40 #SUP: 985420
14 40 #SUP: 857302
14 40 43 #SUP: 783421
14 16 40 43 #SUP: 783421
14 40 43 134 #SUP: 768709
14 16 40 43 134 #SUP: 768709
14 40 134 #SUP: 839142
14 16 40 134 #SUP: 839142
14 16 40 #SUP: 857302
40 43 #SUP: 892894
16 40 43 #SUP: 892894
40 43 134 #SUP: 875719
16 40 43 134 #SUP: 875719
40 134 #SUP: 963323
16 40 134 #SUP: 963323
16 40 #SUP: 985420
14 #SUP: 1203841
14 43 #SUP: 1075859
14 16 43 #SUP: 1075859
14 43 134 #SUP: 1049023
14 16 43 134 #SUP: 1049023
14 134 #SUP: 1169411
14 16 134 #SUP: 1169411
14 16 #SUP: 1203841
43 #SUP: 1293417
16 43 #SUP: 1267347
43 134 #SUP: 1234826
16 43 134 #SUP: 1234826
134 #SUP: 1400247
16 134 #SUP: 1400247
16 #SUP: 1444294
